<?xml version="1.0"?>
<opencv_storage>
<H type_id="opencv-matrix">
  <rows>3</rows>
  <cols>3</cols>
  <dt>f</dt>
  <data>
    10.08507538 -4.53779411 151.77937317 -0.33302322 2.28570795
    228.81250000 7.03863217e-04 -0.01674481 10.</data></H>
</opencv_storage>
