<?xml version="1.0"?>
<opencv_storage>
<H type_id="opencv-matrix">
  <rows>3</rows>
  <cols>3</cols>
  <dt>f</dt>
  <data>
    24.97233582 -15.27497959 175.90646362 -0.09170813 5.65311813
    321.68722534 4.84531891e-04 -0.04910384 25.</data></H>
</opencv_storage>
