<?xml version="1.0"?>
<opencv_storage>
<H type_id="opencv-matrix">
  <rows>3</rows>
  <cols>3</cols>
  <dt>f</dt>
  <data>
    1.64896965 -0.91895932 -214.64781189 -0.03737479 0.04365103
    44.82410812 -1.06164276e-04 -3.15148011e-03 1.</data></H>
</opencv_storage>
