<?xml version="1.0"?>
<opencv_storage>
<Intrinsics type_id="opencv-matrix">
  <rows>3</rows>
  <cols>3</cols>
  <dt>f</dt>
  <data>
    484.55007935 0. 301.86074829 0. 485.30331421 190.57147217 0. 0. 1.</data></Intrinsics>
</opencv_storage>
